% -------------------------------------------------------------------
%  Generated by MATLAB on 25-Apr-2022 12:53:55
%  MATLAB version: 9.10.0.1602886 (R2021a)
% -------------------------------------------------------------------
                                             

Nr = 3;

c1 = 3;

r1 = 3;

rcvr_1 = [53.073635 8.806422 18];

rcvr_2 = [53.139403 8.677612 17];

rcvr_3 = [53.046563 8.744246 15];

rcvr_pos_eci = ...
  [710494.51396840706 700959.552834404 706828.70725109312;
   -3.7757674256161577E+6 -3.7715724254641626E+6 -3.778890987893593E+6;
   5.074054240774883E+6 5.0784675081219887E+6 5.072249036095161E+6];

rcvr_pos_eci_1 = [710494.51396840706 -3.7757674256161577E+6 5.074054240774883E+6 ...
                  ];

rcvr_pos_eci_2 = [700959.552834404 -3.7715724254641626E+6 5.0784675081219887E+6 ...
                  ];

rcvr_pos_eci_3 = [706828.70725109312 -3.778890987893593E+6 5.072249036095161E+6 ...
                  ];

rcvr_pos_lla = ...
  [53.073635 8.806422 18;
   53.139403 8.677612 17;
   53.046563 8.744246 15];

trx_pos_eci = ...
  [6.7412886751345946E+6 1000 499.99999999999989;
   6.7412886751345946E+6 -1000 499.99999999999989;
   6.74042264973081E+6 -2.1211504774498141E-13 -1000];

utc = [2022 1 17 10 20 36];

